function A = loss_mod_value(B)
%UNTITLED2 Summary of this function goes here
%   Detailed explanation goes here
A = 0.000000031*B^4 - 0.0000335123*B^3 + 0.0133474832*B^2 - 2.3292778079*B + 153.2415682237;
end

