function A = storage_mod_value(B)
%UNTITLED2 Summary of this function goes here
%   Detailed explanation goes here
A = 2.245E-07*B^4 - 0.000238719*B^3 + 0.0897835866*B^2 - 13.9900960980*B + 858.8133339992;
end

